<style>
    .r {
        color: #9B1F21;
        font-weight: bold;
    }
    .c {
        color: #4b8b3b;
        font-weight: bold;
    }
</style>

# Таблиця множення

**Перший множник** позначений в таблиці червоним кольором.<br>
**Другий множник** позначений в таблиці зеленим кольором.

Наприклад візьмемо: $ 6 \cdot 7 $<br>
Знаходимо в таблиці $ 6 $ колонку та $ 7 $ рядок на їх перетині лежить число $ 42 $ це і є наш **добуток**.<br>
$ 6 \cdot 7 = 42 $

|   | <span class=r>2</span>  | <span class=r>3</span>  | <span class=r>4</span>  | <span class=r>5</span>  | <span class=r>6</span>  | <span class=r>7</span>  | <span class=r>8</span>  | <span class=r>9</span>  |
|---|----|----|----|----|----|----|----|----|
| <span class=c>2</span> | 4  | 6  | 8  | 10 | 12 | 14 | 16 | 18 |
| <span class=c>3</span> | 6  | 9  | 12 | 15 | 18 | 21 | 24 | 27 |
| <span class=c>4</span> | 8  | 12 | 16 | 20 | 24 | 28 | 32 | 36 |
| <span class=c>5</span> | 10 | 15 | 20 | 25 | 30 | 35 | 40 | 45 |
| <span class=c>6</span> | 12 | 18 | 24 | 30 | 36 | 42 | 48 | 54 |
| <span class=c>7</span> | 14 | 21 | 28 | 35 | 42 | 47 | 56 | 63 |
| <span class=c>8</span> | 16 | 24 | 32 | 40 | 48 | 56 | 64 | 72 |
| <span class=c>9</span> | 18 | 27 | 36 | 45 | 54 | 63 | 72 | 81 |